N = 1e5;

p1 = 0.2/100;
p2 = 0.5/100;
pa = 1/100;


...
